[0m [38;2;0;0;0m                                                                           [0m
 [38;2;0;0;0m                                                        [48;2;0;0;0m           [0m[38;2;0;0;0m        [0m
 [38;2;0;0;0m                                                        [48;2;0;0;0m              [0m[38;2;0;0;0m     [0m
 [38;2;0;0;0m                                                        [48;2;0;0;0m               [0m[38;2;0;0;0m    [0m
 [38;2;0;0;0m                                                    [38;2;19;19;19m▁[38;2;22;22;22m▃[38;2;24;24;24m▄▅[38;2;25;25;25;48;2;0;0;0m▅▅[38;2;24;24;24m▅[38;2;25;25;25;48;2;2;2;2m▄[38;2;22;22;22;48;2;0;0;0m▄[38;2;25;25;25;48;2;1;1;1m▂[38;2;21;21;21;48;2;0;0;0m▁         [0m[38;2;21;21;21m   [0m
 [38;2;0;0;0m                                                  [38;2;23;23;23m▗[38;2;25;25;25;48;2;9;9;9m▆[38;2;26;26;26;48;2;25;25;25m┈[48;2;26;26;26m          [38;2;25;25;25;48;2;10;10;10m▇[38;2;24;24;24;48;2;2;2;2m▅[38;2;21;21;21;48;2;0;0;0m▃[38;2;0;0;0;48;2;1;1;1m┈[48;2;0;0;0m    [0m[38;2;0;0;0m    [0m
 [38;2;0;0;0m                                                 [38;2;4;4;4;48;2;20;20;20m▌[38;2;26;26;26;48;2;25;25;25m┈[48;2;26;26;26m  [38;2;16;16;16;48;2;25;25;25m▁[38;2;4;4;4m▂[38;2;3;3;3;48;2;26;26;26m▃[38;2;0;0;0;48;2;25;25;25m▃▃[38;2;4;4;4m▃[38;2;1;1;1;48;2;24;24;24m▁[38;2;26;26;26;48;2;25;25;25m┈[48;2;26;26;26m     [38;2;25;25;25;48;2;16;16;16m▇[38;2;24;24;24;48;2;4;4;4m▄[38;2;0;0;0;48;2;2;2;2m┈[0m[38;2;0;0;0m      [0m
 [38;2;0;0;0m                                                 [48;2;24;24;24m▏[48;2;26;26;26m  [38;2;22;22;22;48;2;5;5;5m▘[48;2;0;0;0m       [38;2;1;1;1m┊[38;2;0;0;0;48;2;20;20;20m▆[48;2;22;22;22m▄[38;2;2;2;2;48;2;23;23;23m▂[38;2;26;26;26;48;2;25;25;25m┈[48;2;26;26;26m   [38;2;25;25;25;48;2;15;15;15m▇[0m[38;2;22;22;22m▖     [0m
 [38;2;0;0;0m                                                 [38;2;22;22;22m▝[38;2;16;16;16;48;2;25;25;25m▁[48;2;26;26;26m [38;2;4;4;4;48;2;24;24;24m▝[38;2;16;16;16;48;2;1;1;1m▂[48;2;0;0;0m          [38;2;0;0;0;48;2;10;10;10m▇[38;2;2;2;2;48;2;23;23;23m▅[38;2;13;13;13;48;2;25;25;25m▖[48;2;26;26;26m  [38;2;26;26;26;48;2;25;25;25m┈[0m[38;2;22;22;22m▖    [0m
 [38;2;0;0;0m                                                  [7m[38;2;10;10;10m▇[38;2;23;23;23m▅[38;2;24;24;24m▃[0m[38;2;6;6;6;48;2;25;25;25m▁[38;2;24;24;24;48;2;6;6;6m▆[38;2;23;23;23;48;2;1;1;1m▄[38;2;19;19;19;48;2;0;0;0m▂          [38;2;2;2;2;48;2;23;23;23m▖[48;2;26;26;26m  [38;2;25;25;25;48;2;2;2;2m▋[0m[38;2;25;25;25m    [0m
 [38;2;0;0;0m                                                      [7m[38;2;16;16;16m▇[38;2;24;24;24m▆▄[0m[38;2;0;0;0;48;2;22;22;22m▂[38;2;21;21;21;48;2;3;3;3m▆[38;2;24;24;24;48;2;0;0;0m▅[38;2;23;23;23m▄[38;2;22;22;22m▃[38;2;23;23;23m▂[38;2;19;19;19m▂[38;2;26;26;26;48;2;1;1;1m▁[38;2;21;21;21;48;2;0;0;0m▂[38;2;22;22;22m▃[38;2;6;6;6;48;2;25;25;25m▘[48;2;26;26;26m  [0m[38;2;22;22;22m▋    [0m
 [38;2;0;0;0m                                                          [0m [38;2;69;69;69;48;2;12;12;12m▅[38;2;75;75;75;48;2;20;20;20m▄[38;2;72;72;72m▃[38;2;66;66;66;48;2;22;22;22m▂[38;2;13;13;13;48;2;25;25;25m▂[38;2;2;2;2m▁[38;2;18;18;18;48;2;26;26;26m▁  [38;2;13;13;13;48;2;25;25;25m▁[0m[7m[38;2;23;23;23m▄[38;2;5;5;5m▇[0m[38;2;0;0;0m    [0m
 [38;2;0;0;0m                                                         [0m [38;2;6;6;6;48;2;56;56;56m▘[48;2;77;77;77m  [38;2;77;77;77;48;2;72;72;72m┈[0m[38;2;58;58;58m▘   [7m[38;2;10;10;10m▇[38;2;14;14;14m▇[0m[38;2;0;0;0m       [0m
 [38;2;0;0;0m                                                        [38;2;100;100;100m┎[38;2;79;79;79;48;2;31;31;31m▆[38;2;100;100;100;48;2;66;66;66m▃[38;2;159;159;159;48;2;71;71;71m▁[38;2;40;40;40;48;2;75;75;75m▂[38;2;48;48;48;48;2;98;98;98m┛[0m[7m[38;2;103;103;103m▝[0m[38;2;48;48;48m▖           [0m
 [38;2;0;0;0m                      [38;2;31;31;31m▂[38;2;46;46;46m▄[38;2;50;50;50;48;2;7;7;7m▅[38;2;30;30;30;48;2;2;2;2m▏[0m[38;2;43;43;43m▂[38;2;49;49;49m▃[38;2;50;50;50;48;2;4;4;4m▄▅[38;2;49;49;49;48;2;1;1;1m▆[38;2;50;50;50;48;2;8;8;8m▆[38;2;51;51;51;48;2;13;13;13m▆▆[38;2;50;50;50;48;2;8;8;8m▆[38;2;49;49;49;48;2;1;1;1m▆[38;2;50;50;50;48;2;5;5;5m▅▄[0m[38;2;50;50;50m▃[38;2;44;44;44m▂[38;2;3;3;3;48;2;38;38;38m▉[38;2;48;48;48;48;2;1;1;1m▆[48;2;4;4;4m▄[0m[38;2;36;36;36m▂           [7m[38;2;99;99;99m▘[0m[38;2;105;105;105;48;2;42;42;42m▘[48;2;51;51;51m [38;2;51;51;51;48;2;49;49;49m┈[38;2;47;47;47;48;2;77;77;77m▇[38;2;50;50;50;48;2;157;157;157m▆[38;2;49;49;49;48;2;116;116;116m▄[38;2;134;134;134;48;2;68;68;68m╉[0m[38;2;32;32;32m▘           [0m
 [38;2;0;0;0m                    [38;2;32;32;32m▗[38;2;49;49;49;48;2;17;17;17m▅[38;2;51;51;51;48;2;50;50;50m┈[48;2;51;51;51m  [38;2;20;20;20;48;2;48;48;48m▝[38;2;9;9;9;48;2;43;43;43m╾[38;2;19;19;19;48;2;50;50;50m▃[38;2;12;12;12m▁[38;2;51;51;51m┈[48;2;51;51;51m       [38;2;37;37;37;48;2;50;50;50m▁[38;2;13;13;13;48;2;49;49;49m▂[38;2;8;8;8;48;2;40;40;40m╺[38;2;15;15;15;48;2;47;47;47m▘[48;2;51;51;51m  [38;2;51;51;51;48;2;50;50;50m┈[38;2;14;14;14;48;2;47;47;47m▝[0m[7m[38;2;10;10;10m┊[0m[38;2;4;4;4m        [7m[38;2;99;99;99m▉[0m[38;2;132;132;132;48;2;43;43;43m▘[48;2;51;51;51m     [38;2;136;136;136;48;2;43;43;43m▗[0m[38;2;103;103;103m▘            [0m
 [38;2;0;0;0m                   [38;2;50;50;50;48;2;12;12;12m▗[38;2;51;51;51;48;2;49;49;49m┈[48;2;51;51;51m      [48;2;50;50;50m┈[38;2;49;49;49;48;2;9;9;9m▇▆[38;2;50;50;50;48;2;21;21;21m▅[38;2;28;28;28;48;2;40;40;40m╵[38;2;27;27;27;48;2;41;41;41m╹[38;2;28;28;28m╹╹[38;2;48;48;48;48;2;25;25;25m▅[38;2;51;51;51;48;2;21;21;21m▅[38;2;50;50;50;48;2;11;11;11m▆[48;2;33;33;33m▇[48;2;51;51;51m      [38;2;51;51;51;48;2;50;50;50m┈[38;2;50;50;50;48;2;14;14;14m▖[0m[38;2;50;50;50m       [38;2;47;47;47m▁[7m[38;2;12;12;12m┈[0m[38;2;3;3;3;48;2;48;48;48m▅[38;2;2;2;2;48;2;47;47;47m▃[38;2;12;12;12;48;2;50;50;50m▂[38;2;51;51;51;48;2;49;49;49m┈[38;2;80;80;80;48;2;47;47;47m╶[0m[38;2;131;131;131m▘             [0m
 [38;2;0;0;0m                  [38;2;50;50;50;48;2;16;16;16m▗[38;2;51;51;51;48;2;50;50;50m┈[48;2;51;51;51m         [38;2;0;100;0;48;2;39;39;39m▗[38;2;0;254;0;48;2;22;53;22m▄[38;2;0;251;0;48;2;19;30;19m▅[38;2;0;255;0;48;2;14;45;14m▅[48;2;13;49;13m▅[38;2;0;254;0;48;2;16;38;16m▅[38;2;0;247;0;48;2;22;27;22m▅[38;2;0;220;0;48;2;22;48;22m▄[38;2;16;16;16;48;2;48;48;48m▎[48;2;51;51;51m         [38;2;0;0;0;48;2;35;35;35m▝[0m[38;2;0;0;0m     [7m[38;2;42;42;42m▘[0m[38;2;2;2;2;48;2;51;51;51m [38;2;50;50;50;48;2;35;35;35m▇[38;2;49;49;49;48;2;6;6;6m▆[48;2;4;4;4m▄[48;2;3;3;3m▂[0m[38;2;25;25;25m▁               [0m
 [38;2;0;0;0m              [38;2;50;50;50m▁[38;2;86;86;86m▂[38;2;77;77;77m▂[38;2;0;0;0;48;2;35;35;35m▘[38;2;51;51;51;48;2;50;50;50m┈[48;2;51;51;51m          [38;2;37;40;37;48;2;16;100;16m▉[38;2;11;65;11;48;2;0;234;0m▃[38;2;0;255;0;48;2;0;251;0m┈[48;2;0;255;0m   [38;2;0;129;0;48;2;0;251;0m▂[38;2;0;243;0;48;2;20;58;20m▘[38;2;31;31;31;48;2;48;48;48m▏[48;2;51;51;51m         [38;2;51;51;51;48;2;50;50;50m┈[38;2;2;2;2;48;2;41;41;41m▝[0m[38;2;62;62;62m▂[38;2;86;86;86m▂[38;2;55;55;55m▂[7m[38;2;39;39;39m▘[0m[38;2;1;1;1;48;2;51;51;51m     [38;2;33;33;33;48;2;48;48;48m▁[0m[38;2;37;37;37m▘               [0m
 [38;2;0;0;0m            [38;2;47;47;47m▁[38;2;89;89;89m▄[38;2;102;102;102;48;2;97;97;97m┈[48;2;102;102;102m [48;2;30;30;30m▉[38;2;1;1;1;48;2;47;47;47m▏[48;2;51;51;51m  [38;2;51;51;51;48;2;50;50;50m┈[38;2;23;23;23m▁[38;2;0;0;0;48;2;49;49;49m▁▁[38;2;22;22;22;48;2;50;50;50m▁[38;2;51;51;51m┈[48;2;51;51;51m    [48;2;48;48;48m┈[38;2;36;47;36;48;2;0;156;0m▇[38;2;27;41;27;48;2;0;223;0m▄[38;2;19;56;19;48;2;0;249;0m▄[38;2;32;48;32;48;2;0;212;0m▆[38;2;51;51;51;48;2;42;44;42m┈[48;2;51;51;51m    [38;2;23;23;23;48;2;50;50;50m▁[38;2;0;46;46;48;2;45;45;45m▁[38;2;0;177;177;48;2;41;41;41m▁[38;2;0;176;176m▁[38;2;0;44;44;48;2;45;45;45m▁[38;2;24;24;24;48;2;50;50;50m▁[48;2;51;51;51m  [38;2;51;51;51;48;2;47;47;47m▉[38;2;8;8;8;48;2;95;95;95m▎[48;2;102;102;102m [48;2;101;101;101m [38;2;98;98;98;48;2;49;49;49m▄[38;2;61;61;61;48;2;46;46;46m▁[38;2;51;51;51;48;2;50;50;50m┈[48;2;51;51;51m  [38;2;29;29;29;48;2;47;47;47m▁[0m[38;2;31;31;31m▘                [0m
 [38;2;0;0;0m          [38;2;47;47;47m▗[38;2;100;100;100;48;2;39;39;39m▁[38;2;94;94;94;48;2;60;60;60m▝[38;2;64;64;64;48;2;100;100;100m▄[38;2;102;102;102;48;2;98;98;98m┊[48;2;102;102;102m [38;2;85;85;85;48;2;15;15;15m▉[38;2;20;20;20;48;2;49;49;49m▏[38;2;1;100;100;48;2;40;44;44m▁[38;2;0;236;236;48;2;27;52;52m▃[38;2;0;252;252;48;2;12;57;57m▅[38;2;0;246;246;48;2;0;15;15m▇[38;2;0;255;255;48;2;0;135;135m▇[48;2;0;137;137m▇[38;2;0;247;247;48;2;0;17;17m▇[38;2;0;252;252;48;2;11;59;59m▅[38;2;0;238;238;48;2;26;54;54m▃[38;2;1;106;106;48;2;39;45;45m▁[38;2;51;51;51;48;2;50;50;50m┈[48;2;51;51;51m        [48;2;48;48;48m┈[38;2;0;150;150;48;2;36;45;45m▂[38;2;0;246;246;48;2;18;61;61m▄[38;2;0;240;240;48;2;1;28;28m▇[38;2;0;255;255;48;2;0;251;251m┈[48;2;0;255;255m  [48;2;0;251;251m┈[38;2;0;240;240;48;2;1;26;26m▇[38;2;0;245;245;48;2;18;60;60m▄[38;2;0;148;148;48;2;37;45;45m▂[38;2;51;51;51;48;2;48;48;48m┈[38;2;27;27;27;48;2;81;81;81m▍[38;2;102;102;102;48;2;101;101;101m┈[48;2;100;100;100m┈[38;2;48;48;48;48;2;90;90;90m╻[38;2;34;34;34;48;2;83;83;83m╸[38;2;109;109;109;48;2;47;47;47m▁[38;2;28;28;28;48;2;48;48;48m▏[38;2;23;23;23;48;2;50;50;50m▗[0m[38;2;25;25;25m▘                 [0m
 [38;2;0;0;0m         [38;2;39;39;39;48;2;8;8;8m▗[38;2;24;24;24;48;2;49;49;49m▖[38;2;31;31;31;48;2;127;127;127m▎[38;2;180;180;180;48;2;130;130;130m▇[38;2;182;182;182;48;2;91;91;91m▘[38;2;96;96;96;48;2;45;45;45m▝[38;2;83;83;83;48;2;40;40;40m▘[38;2;30;30;30;48;2;45;45;45m▁[38;2;0;248;248;48;2;15;65;65m▗[38;2;0;250;250;48;2;0;165;165m▇[48;2;0;255;255m        [38;2;0;251;251;48;2;0;172;172m▇[38;2;0;250;250;48;2;14;69;69m▖[38;2;28;29;29;48;2;47;47;47m▁[48;2;51;51;51m      [38;2;51;51;51;48;2;40;42;42m╴[38;2;0;218;218;48;2;11;76;76m▄[38;2;0;255;255;48;2;0;252;252m┈[48;2;0;255;255m  [48;2;0;252;252m┈[38;2;0;97;97;48;2;0;255;255m▁[38;2;0;114;114m▁[38;2;0;255;255;48;2;0;253;253m┈[48;2;0;255;255m  [48;2;0;252;252m┈[38;2;0;215;215;48;2;12;73;73m▄[38;2;50;50;50;48;2;39;42;42m┊[38;2;47;47;47;48;2;74;74;74m▇[38;2;37;37;37;48;2;81;81;81m▄[38;2;62;62;62;48;2;136;136;136m▋[38;2;204;204;204;48;2;175;175;175m┊[38;2;62;62;62;48;2;148;148;148m▗[38;2;8;8;8;48;2;35;35;35m▃[0m[7m[38;2;18;18;18m▇[0m[38;2;1;1;1m                  [0m
 [38;2;0;0;0m        [0m [38;2;25;25;25;48;2;49;49;49m▏[38;2;51;51;51;48;2;50;50;50m┈ [38;2;47;47;47;48;2;67;67;67m▇[38;2;48;48;48;48;2;45;45;45m▇[48;2;24;24;24m▉[38;2;12;12;12;48;2;49;49;49m▎[38;2;0;240;240;48;2;12;52;52m▗[38;2;0;255;255;48;2;0;254;254m┈[48;2;0;255;255m [38;2;0;166;166;48;2;0;248;248m▁[38;2;0;22;22;48;2;0;224;224m▄[38;2;0;2;2;48;2;0;193;193m▆[38;2;0;0;0;48;2;0;141;141m▇[48;2;0;155;155m▇[38;2;0;4;4;48;2;0;207;207m▆[38;2;0;34;34;48;2;0;234;234m▄[38;2;0;255;255;48;2;0;244;244m┈[48;2;0;255;255m [48;2;0;254;254m┈[38;2;0;245;245;48;2;11;57;57m▖[38;2;51;51;51;48;2;49;49;49m┊[48;2;51;51;51m    [48;2;48;48;48m┈[38;2;10;40;40;48;2;0;209;209m▌[48;2;0;255;255m  [38;2;0;106;106;48;2;0;252;252m▗[38;2;0;12;12;48;2;0;202;202m▅[38;2;0;0;0;48;2;0;94;94m▇[48;2;0;0;0m  [38;2;0;2;2;48;2;0;131;131m▇[38;2;0;24;24;48;2;0;221;221m▅[38;2;0;154;154;48;2;0;242;242m▁[48;2;0;255;255m  [38;2;0;205;205;48;2;10;37;37m▌[38;2;36;36;36;48;2;50;50;50m▏[38;2;49;49;49;48;2;4;4;4m▍[0m[7m[38;2;21;21;21m▇[38;2;77;77;77m▇[38;2;5;5;5m▇[0m[38;2;0;0;0m                    [0m
 [38;2;0;0;0m        [7m[38;2;42;42;42m▊[0m[38;2;1;1;1;48;2;51;51;51m     [38;2;50;50;50;48;2;13;13;13m▊[38;2;46;46;46;48;2;7;7;7m▊[38;2;0;27;27;48;2;0;248;248m▎[48;2;0;255;255m  [38;2;0;173;173;48;2;0;17;17m▘[48;2;0;0;0m      [38;2;0;34;34;48;2;0;229;229m▊[48;2;0;255;255m  [38;2;0;251;251;48;2;0;42;42m▊[38;2;5;5;5;48;2;50;50;50m▎[38;2;86;86;86;48;2;52;52;52m▗[38;2;8;8;8;48;2;69;69;69m▄[38;2;6;6;6;48;2;78;78;78m▅[38;2;88;88;88;48;2;51;51;51m┓[38;2;49;49;49;48;2;3;3;3m▊[38;2;0;49;49;48;2;0;252;252m▎[48;2;0;255;255m  [38;2;0;175;175;48;2;0;14;14m▏[48;2;0;0;0m      [38;2;0;19;19;48;2;0;225;225m▊[48;2;0;255;255m  [38;2;0;252;252;48;2;0;24;24m▊[38;2;6;6;6;48;2;50;50;50m▎[38;2;51;51;51;48;2;24;24;24m╴[0m[38;2;51;51;51m                       [0m
 [38;2;0;0;0m        [7m[38;2;40;40;40m▊[0m[38;2;0;0;0;48;2;48;48;48m▁[38;2;10;10;10;48;2;50;50;50m▁[38;2;35;35;35;48;2;51;51;51m▁[38;2;51;51;51;48;2;50;50;50m┈[48;2;51;51;51m [48;2;16;16;16m▋[38;2;48;48;48m▉[38;2;1;42;42;48;2;0;239;239m▍[48;2;0;255;255m  [38;2;0;215;215;48;2;0;33;33m▖[48;2;0;0;0m      [38;2;0;42;42;48;2;0;209;209m▋[48;2;0;255;255m  [38;2;0;242;242;48;2;0;52;52m▋[38;2;22;22;22;48;2;50;50;50m▎[38;2;84;84;84;48;2;55;55;55m▝[38;2;75;75;75;48;2;8;8;8m▃[38;2;88;88;88;48;2;7;7;7m▂[38;2;40;40;40;48;2;80;80;80m▚[38;2;49;49;49;48;2;21;21;21m▉[38;2;3;36;36;48;2;0;228;228m▍[48;2;0;255;255m  [38;2;0;242;242;48;2;0;58;58m▖[48;2;0;0;0m     [38;2;0;0;0;48;2;0;1;1m┈[48;2;0;185;185m▘[48;2;0;255;255m  [38;2;0;225;225;48;2;3;29;29m▋[38;2;23;23;23;48;2;49;49;49m▏[38;2;0;0;0;48;2;22;22;22m┊[0m[38;2;0;0;0m                       [0m
 [38;2;0;0;0m       [0m [38;2;53;53;53m▂[38;2;50;50;50;48;2;2;2;2m▃[38;2;43;43;43;48;2;0;0;0m▃[38;2;46;46;46m▂[38;2;49;49;49;48;2;3;3;3m▁[38;2;3;3;3;48;2;38;38;38m▇[0m[7m[38;2;7;7;7m┈[0m[38;2;51;51;51;48;2;48;48;48m┊[38;2;0;126;126;48;2;33;33;33m▝[38;2;0;138;138;48;2;0;254;254m▖[48;2;0;255;255m [38;2;0;255;255;48;2;0;250;250m┈[38;2;0;235;235;48;2;0;37;37m▅[38;2;0;223;223;48;2;0;4;4m▃[38;2;0;222;222;48;2;0;0;0m▂[38;2;0;227;227;48;2;0;1;1m▂[38;2;0;231;231;48;2;0;8;8m▃[38;2;0;242;242;48;2;0;54;54m▅[38;2;0;255;255;48;2;0;253;253m┈[48;2;0;255;255m [38;2;0;146;146;48;2;0;239;239m▁[38;2;0;138;138;48;2;31;32;32m▘[48;2;51;51;51m      [38;2;33;43;43;48;2;9;97;97m▉[38;2;2;76;76;48;2;0;247;247m▖[48;2;0;255;255m [38;2;0;255;255;48;2;0;254;254m┈[38;2;0;242;242;48;2;0;64;64m▆[38;2;0;240;240;48;2;0;10;10m▄[38;2;0;245;245;48;2;0;1;1m▃[38;2;0;247;247;48;2;0;4;4m▃[38;2;0;246;246;48;2;0;19;19m▄[38;2;0;248;248;48;2;0;99;99m▆[48;2;0;255;255m  [38;2;2;72;72;48;2;0;245;245m▗[38;2;9;92;92;48;2;34;42;42m▏[38;2;51;51;51;48;2;49;49;49m┈[0m[38;2;20;20;20m▎                       [0m
 [38;2;0;0;0m       [7m[38;2;145;145;145m▌[0m[38;2;82;82;82;48;2;42;42;42m▏[48;2;51;51;51m    [38;2;50;50;50;48;2;15;15;15m▊[0m[38;2;142;142;142m▖[38;2;6;6;6;48;2;39;39;39m▌[38;2;51;51;51;48;2;50;50;50m┈[38;2;37;46;46;48;2;4;101;101m▇[38;2;13;68;68;48;2;0;239;239m▄[38;2;0;165;165;48;2;0;253;253m▁[48;2;0;255;255m      [38;2;0;171;171;48;2;0;253;253m▁[38;2;17;47;47;48;2;0;222;222m▃[38;2;36;46;46;48;2;3;106;106m▇[38;2;51;51;51;48;2;50;50;50m┈[48;2;51;51;51m       [38;2;36;36;36;48;2;39;46;46m┊[38;2;21;61;61;48;2;0;230;230m▅[38;2;1;101;101;48;2;0;251;251m▂[38;2;0;255;255;48;2;0;254;254m┈[48;2;0;255;255m    [48;2;0;254;254m┈[38;2;1;98;98;48;2;0;250;250m▂[38;2;22;59;59;48;2;0;228;228m▅[38;2;50;50;50;48;2;39;45;45m┈[48;2;51;51;51m [38;2;42;42;42;48;2;9;9;9m▌[0m[38;2;42;42;42m                        [0m
 [38;2;0;0;0m       [38;2;1;1;1;48;2;111;111;111m▍[38;2;24;24;24;48;2;50;50;50m▏[48;2;51;51;51m    [38;2;41;41;41;48;2;134;134;134m▉[0m[38;2;161;161;161m▍ [38;2;2;2;2;48;2;42;42;42m▖[48;2;51;51;51m [38;2;51;51;51;48;2;50;50;50m┈[48;2;38;47;47m┈[38;2;34;46;46;48;2;0;229;229m▆[38;2;28;52;52;48;2;0;253;253m▅[38;2;28;36;36;48;2;0;252;252m▄▄[38;2;28;53;53;48;2;0;254;254m▅[38;2;34;46;46;48;2;0;232;232m▆[38;2;43;44;44;48;2;1;74;74m▇[38;2;51;51;51;48;2;50;50;50m┈[48;2;51;51;51m           [38;2;49;49;49;48;2;20;20;20m▇[38;2;38;44;44;48;2;0;184;184m▇[38;2;34;46;46;48;2;0;248;248m▆[38;2;35;36;36;48;2;0;245;245m▅▅[38;2;34;46;46;48;2;0;247;247m▆[38;2;38;44;44;48;2;0;180;180m▇[38;2;49;49;49;48;2;20;20;20m▇[48;2;51;51;51m  [38;2;4;4;4;48;2;44;44;44m▗[0m[38;2;4;4;4m                         [0m
 [38;2;0;0;0m       [38;2;113;113;113;48;2;17;17;17m▝[38;2;92;92;92;48;2;73;73;73m▝[38;2;133;133;133;48;2;51;51;51m━[38;2;177;177;177;48;2;55;55;55m─[38;2;108;108;108;48;2;39;39;39m▄[38;2;124;124;124;48;2;50;50;50m▃[38;2;113;113;113;48;2;62;62;62m▃[0m [38;2;0;0;0m  [38;2;11;11;11;48;2;42;42;42m▄[38;2;51;51;51;48;2;50;50;50m┈[48;2;51;51;51m                            [48;2;50;50;50m┈[38;2;0;0;0;48;2;38;38;38m▗[0m[38;2;0;0;0m                          [0m
 [38;2;0;0;0m       [7m[38;2;47;47;47m▌[0m[38;2;56;56;56;48;2;73;73;73m▏[48;2;77;77;77m [38;2;77;77;77;48;2;76;76;76m┈[38;2;28;28;28;48;2;114;114;114m▍[0m[7m[38;2;117;117;117m▂[0m[38;2;111;111;111;48;2;21;21;21m▘[0m[38;2;111;111;111m    [38;2;38;38;38m▝[38;2;18;18;18;48;2;48;48;48m▖[48;2;51;51;51m                          [38;2;21;21;21;48;2;49;49;49m▗[0m[38;2;41;41;41m▘                           [0m
 [38;2;0;0;0m       [38;2;1;1;1;48;2;72;72;72m▍[48;2;77;77;77m  [38;2;76;76;76;48;2;40;40;40m▉[0m [38;2;0;0;0m        [7m[38;2;38;38;38m▅[0m[38;2;9;9;9;48;2;47;47;47m▂[38;2;51;51;51;48;2;50;50;50m┈[48;2;51;51;51m                    [48;2;50;50;50m┈[38;2;12;12;12;48;2;48;48;48m▂[0m[7m[38;2;40;40;40m▅[0m[38;2;3;3;3m                             [0m
 [38;2;0;0;0m       [38;2;3;3;3;48;2;68;68;68m▎[48;2;77;77;77m  [38;2;77;77;77;48;2;76;76;76m┈[0m[38;2;56;56;56m▋          [38;2;4;4;4;48;2;33;33;33m▊[38;2;0;0;0;48;2;24;24;24m╴[38;2;22;22;22;48;2;50;50;50m▃[38;2;31;31;31m▁[48;2;51;51;51m              [48;2;49;49;49m [38;2;5;5;5;48;2;48;48;48m▂[0m[7m[38;2;44;44;44m▄[38;2;27;27;27m▆[0m[38;2;0;0;0m                               [0m
 [38;2;0;0;0m       [38;2;15;15;15;48;2;67;67;67m▏[48;2;77;77;77m   [38;2;74;74;74;48;2;38;38;38m╴[0m[38;2;74;74;74m          [7m[38;2;42;42;42m▋[0m[38;2;25;25;25m▏[38;2;39;39;39;48;2;47;47;47m┊[38;2;148;148;148;48;2;55;54;53m╺[38;2;142;142;142;48;2;31;31;30m╸[38;2;13;13;13;48;2;33;33;33m┯[38;2;7;7;7;48;2;48;48;48m▄[38;2;9;9;9m▃[38;2;7;7;7;48;2;50;50;50m▃[38;2;0;0;0;48;2;49;49;49m▂[38;2;3;3;3;48;2;51;51;51m▂▂[38;2;2;2;2;48;2;50;50;50m▂[38;2;11;11;11m▃[38;2;47;47;47;48;2;42;42;42m╴[38;2;172;172;172;48;2;43;43;43m▂[38;2;167;167;167;48;2;36;36;36m▃[38;2;83;83;83;48;2;45;45;45m▁[38;2;16;16;16;48;2;0;0;0m▏[0m[38;2;33;33;33m▎                                 [0m
 [38;2;0;0;0m      [0m [38;2;61;61;61;48;2;77;77;77m▏  [38;2;77;77;77;48;2;74;74;74m┈[0m[38;2;37;37;37m▎          [7m[38;2;50;50;50m▋[0m[38;2;3;3;3;48;2;18;18;18m▉[38;2;11;11;11;48;2;25;25;25m▂[38;2;249;240;208;48;2;25;24;22m▝[38;2;246;238;205;48;2;23;22;20m▘[38;2;7;7;7;48;2;24;24;24m▁[38;2;4;4;4;48;2;39;39;39m▊[0m[38;2;46;46;46m▍    [7m[38;2;50;50;50m▊[0m[38;2;40;40;40;48;2;6;6;6m▎[38;2;52;52;52;48;2;110;110;110m▇[38;2;37;36;35;48;2;189;189;189m▄[38;2;34;34;32;48;2;187;187;187m▄[38;2;46;46;46;48;2;100;100;100m▇[0m[7m[38;2;7;7;7m▉[0m[38;2;45;45;45m▍                                 [0m
 [38;2;0;0;0m      [7m[38;2;65;65;65m▉[0m[38;2;1;1;1;48;2;77;77;77m [38;2;77;77;77;48;2;75;75;75m┈[38;2;40;40;40;48;2;110;110;110m╱[0m[7m[38;2;90;90;90m▗[0m[38;2;4;4;4m           [38;2;1;1;1;48;2;49;49;49m▌[0m[38;2;46;46;46m▅[38;2;51;51;51;48;2;4;4;4m▄[0m[38;2;51;51;51m▄▄[48;2;5;5;5m▄[38;2;47;47;47;48;2;11;11;11m▅[0m[38;2;44;44;44m▍    [7m[38;2;51;51;51m▊[38;2;14;14;14m┊[0m[38;2;12;12;12;48;2;26;26;26m▂[38;2;255;246;213;48;2;20;20;19m▝[48;2;33;32;28m▘[38;2;26;26;26;48;2;22;22;22m┈[38;2;14;14;14;48;2;0;0;0m▎[0m[38;2;45;45;45m▌                                 [0m
 [38;2;0;0;0m   [0m [38;2;140;139;139m▄[38;2;145;145;145m▅[38;2;88;88;88m▆[48;2;77;77;77m [38;2;73;73;73;48;2;40;40;40m▋[38;2;72;71;71;48;2;133;133;133m╺[0m[38;2;136;136;136m▄[38;2;166;165;165m▅[0m [38;2;1;1;1m         [38;2;0;0;0;48;2;46;46;46m▍[48;2;51;51;51m      [0m[38;2;50;50;50m▎    [7m[38;2;51;51;51m▊[0m[38;2;51;51;51;48;2;15;15;15m▄[38;2;50;50;50;48;2;3;3;3m▄[0m[38;2;50;50;50m▄▄[48;2;3;3;3m▄▄[38;2;48;48;48;48;2;4;4;4m▌[0m[38;2;48;48;48m                                 [0m
 [38;2;0;0;0m   [7m[38;2;114;113;113m▊[0m[38;2;144;141;141;48;2;175;175;175m▁[0m[38;2;156;156;156m▘[7m[38;2;88;88;88m▆[0m[38;2;77;77;77;48;2;76;76;76m┊[38;2;4;4;4;48;2;72;70;69m╽[38;2;81;67;58;48;2;129;118;112m▌[38;2;61;47;39;48;2;139;139;139m▆[0m[38;2;83;82;82m▘          [38;2;2;2;2;48;2;38;38;38m▍[38;2;11;11;11;48;2;50;50;50m▂[38;2;15;15;15;48;2;51;51;51m▂[38;2;0;0;0;48;2;49;49;49m▁▁[38;2;2;2;2;48;2;48;48;48m▁[38;2;12;12;12;48;2;50;50;50m▂[0m[7m[38;2;12;12;12m┊[0m[38;2;0;0;0m    [7m[38;2;49;49;49m▊[0m[38;2;0;0;0;48;2;51;51;51m      [38;2;48;48;48;48;2;0;0;0m▋[0m[38;2;48;48;48m                                 [0m
 [38;2;0;0;0m    [0m [38;2;0;0;0m [7m[38;2;54;54;54m▊[38;2;68;68;68m▂[0m[38;2;24;24;24m▘[38;2;193;186;185;48;2;112;108;107m┃[0m[38;2;79;76;76m▘           [38;2;13;13;13;48;2;50;50;50m▎[38;2;51;51;51m▇[48;2;46;46;46m▇[48;2;41;41;41m▇▇[48;2;46;46;46m▇[48;2;50;50;50m▇[48;2;14;14;14m▊[0m[38;2;51;51;51m    [7m[38;2;30;30;30m▊[0m[38;2;11;11;11;48;2;50;50;50m▂[38;2;0;0;0;48;2;48;48;48m▁[38;2;1;1;1;48;2;49;49;49m▁▁[38;2;0;0;0;48;2;48;48;48m▁[38;2;11;11;11;48;2;50;50;50m▂[38;2;51;51;51;48;2;24;24;24m╴[0m[38;2;51;51;51m                                 [0m
 [38;2;0;0;0m         [38;2;176;171;171;48;2;83;74;69m┖[0m[38;2;45;44;44m▏           [38;2;7;7;7;48;2;49;49;49m▏[48;2;51;51;51m      [38;2;51;51;51;48;2;10;10;10m▊[0m[38;2;51;51;51m    [38;2;5;5;5;48;2;51;51;51m▎[38;2;51;51;51;48;2;48;48;48m▇[48;2;38;38;38m▇[48;2;30;30;30m▇[48;2;29;29;29m▇[48;2;37;37;37m▇[48;2;50;50;50m┈[38;2;48;48;48;48;2;3;3;3m▉[0m[38;2;48;48;48m                                 [0m
 [38;2;0;0;0m         [38;2;165;150;142;48;2;94;78;69m╽[0m[38;2;54;39;29m▎           [38;2;47;47;47;48;2;19;19;19m▅[48;2;51;51;51m      [38;2;38;38;38;48;2;3;3;3m▊[0m[38;2;38;38;38m    [38;2;1;1;1;48;2;50;50;50m▎[48;2;51;51;51m      [38;2;50;50;50;48;2;10;10;10m▉[0m[38;2;50;50;50m                                 [0m
 [38;2;0;0;0m         [38;2;162;155;154;48;2;96;71;56m╻[0m[38;2;54;36;25m▎           [38;2;40;40;40;48;2;51;51;51m▏      [38;2;51;51;51;48;2;1;1;1m▊[0m[38;2;51;51;51m    [38;2;0;0;0;48;2;36;36;36m▎[48;2;51;51;51m      [38;2;49;49;49;48;2;21;21;21m▅[0m[38;2;49;49;49m                                 [0m
 [38;2;0;0;0m         [38;2;59;58;58;48;2;151;146;146m▍[0m[38;2;38;37;37m▎          [7m[38;2;16;16;16m▉[0m[38;2;51;51;51;48;2;50;50;50m┈[38;2;32;32;32;48;2;51;51;51m▁[38;2;29;29;29m▁[38;2;26;26;26m▁[38;2;24;24;24m▁[38;2;22;22;22m▁[38;2;32;32;32m▁[38;2;51;51;51;48;2;36;36;36m┊[0m[38;2;51;51;51m    [38;2;0;0;0;48;2;48;48;48m▎[48;2;51;51;51m      [38;2;51;51;51;48;2;50;50;50m┈[0m[38;2;7;7;7m▏                                [0m
 [38;2;0;0;0m        [0m [38;2;159;154;154;48;2;83;71;65m┗[0m[38;2;38;37;37m▎          [7m[38;2;29;29;29m▉[0m[38;2;42;42;42;48;2;9;9;9m▉[38;2;0;0;0;48;2;21;21;21m▋[38;2;25;25;25;48;2;8;8;8m▇[38;2;222;214;185;48;2;75;72;63m┗[38;2;147;142;124;48;2;21;21;20m▍[38;2;22;22;22;48;2;2;2;2m▉[38;2;0;0;0;48;2;48;48;48m▋[38;2;50;50;50;48;2;25;25;25m╴[0m[38;2;50;50;50m    [38;2;0;0;0;48;2;47;47;47m▎[38;2;38;38;38;48;2;51;51;51m▁[38;2;31;31;31m▁[38;2;33;33;33m▁[38;2;36;36;36m▁[38;2;38;38;38m▁[38;2;39;39;39m▁[38;2;51;51;51;48;2;50;50;50m┈[0m[38;2;33;33;33m▏                                [0m
 [38;2;0;0;0m         [38;2;152;147;147;48;2;99;74;58m╻[0m[38;2;56;32;17m▎          [7m[38;2;43;43;43m▉[0m[38;2;47;47;47;48;2;4;4;4m▉[38;2;0;0;0;48;2;98;98;98m▋[38;2;122;122;122;48;2;41;41;41m▅[38;2;186;186;186;48;2;43;43;43m▄[38;2;140;140;140;48;2;42;42;42m▅[38;2;153;153;153;48;2;71;71;71m╴[0m[7m[38;2;45;45;45m▋[0m[38;2;45;45;45;48;2;4;4;4m▌[0m[38;2;45;45;45m    [38;2;4;4;4;48;2;38;38;38m▍[38;2;51;51;51;48;2;2;2;2m▍[38;2;7;7;7;48;2;23;23;23m▎[38;2;15;15;15;48;2;141;136;118m▋[38;2;230;222;192;48;2;87;84;73m┙[38;2;25;25;25;48;2;4;4;4m▇[38;2;22;22;22;48;2;0;0;0m▍[38;2;7;7;7;48;2;42;42;42m▏[0m[38;2;34;34;34m▏                                [0m
 [38;2;0;0;0m        [0m [38;2;165;131;110;48;2;99;70;51m┆[0m[38;2;57;36;23m▎         [7m[38;2;99;99;99m▋[0m[38;2;145;145;145;48;2;0;0;0m▆[38;2;112;112;112;48;2;32;32;32m▖[38;2;28;28;28;48;2;96;96;96m▘[38;2;72;72;72;48;2;118;118;118m╲[38;2;88;88;88;48;2;200;200;200m▄[38;2;71;71;71;48;2;135;135;135m┒[38;2;108;108;108;48;2;36;36;36m▊[38;2;100;100;100;48;2;15;15;15m▖[0m[38;2;15;15;15m▏    [7m[38;2;44;44;44m▌[0m[38;2;50;50;50m▍[38;2;94;94;94;48;2;5;5;5m▆[38;2;132;132;132;48;2;32;32;32m▅[38;2;183;183;183;48;2;39;39;39m▄[38;2;120;120;120;48;2;30;30;30m▅[38;2;103;103;103;48;2;2;2;2m▍[38;2;2;2;2;48;2;46;46;46m▏[0m[38;2;33;33;33m▎                                [0m
 [38;2;0;0;0m         [38;2;153;148;147;48;2;83;77;74m┢[0m[38;2;46;36;30m▎         [38;2;13;13;13;48;2;147;147;147m▌[48;2;153;153;153m [38;2;153;153;153;48;2;151;151;151m┈[38;2;149;149;149;48;2;99;99;99m▉[38;2;72;72;72;48;2;148;148;148m▏[38;2;153;153;153;48;2;142;142;142m▇[48;2;152;152;152m┈[38;2;59;59;59;48;2;144;144;144m╹[38;2;138;138;138;48;2;0;0;0m▋[0m[38;2;138;138;138m     [0m [38;2;99;99;99;48;2;17;17;17m▗[38;2;27;27;27;48;2;106;106;106m▎[38;2;73;73;73;48;2;138;138;138m┎[38;2;90;90;90;48;2;204;204;204m▄[38;2;118;118;118;48;2;80;80;80m▋[38;2;121;121;121;48;2;50;50;50m▌[38;2;102;102;102;48;2;29;29;29m▗[0m[38;2;141;141;141m▆[38;2;122;122;122m▖                               [0m
 [38;2;0;0;0m         [38;2;48;46;46;48;2;152;148;148m▍[0m[38;2;49;47;47m▎         [38;2;130;130;130;48;2;38;38;38m┗[38;2;1;1;1;48;2;124;124;124m▁[38;2;40;40;40;48;2;129;129;129m▁[38;2;79;79;79;48;2;131;131;131m▁[38;2;89;89;89m▁[38;2;77;77;77m▁[38;2;40;40;40;48;2;129;129;129m▁[38;2;1;1;1;48;2;124;124;124m▁[38;2;128;128;128;48;2;37;37;37m┛[0m[38;2;128;128;128m      [38;2;12;12;12;48;2;148;148;148m▌[38;2;16;16;16;48;2;142;142;142m╵[38;2;153;153;153;48;2;152;152;152m┈[48;2;129;129;129m▇[38;2;152;152;152;48;2;71;71;71m▉[38;2;88;88;88;48;2;147;147;147m▏[38;2;153;153;153;48;2;149;149;149m┈[48;2;153;153;153m [38;2;149;149;149;48;2;18;18;18m▌[0m[38;2;149;149;149m                               [0m
 [38;2;0;0;0m        [7m[38;2;14;5;0m▉[0m[38;2;130;68;27;48;2;82;40;13m│[0m[38;2;38;16;1m▍                        [38;2;12;12;12;48;2;104;104;104m▌[38;2;11;11;11;48;2;128;128;128m▁[38;2;55;55;55;48;2;129;129;129m▁[38;2;95;95;95m▁[38;2;99;99;99;48;2;131;131;131m┉[48;2;129;129;129m▁[38;2;58;58;58m▁[38;2;12;12;12;48;2;128;128;128m▁[38;2;102;102;102;48;2;13;13;13m▋[0m[38;2;102;102;102m                               [0m
 [38;2;0;0;0m        [7m[38;2;13;5;0m▉[0m[38;2;112;109;109;48;2;87;43;14m▁[0m[38;2;38;19;7m▍                                                                [0m
 [38;2;0;0;0m         [7m[38;2;108;102;101m▅[0m[38;2;28;22;18m▘                                                                [0m
